case #, version, # cores, total time  , # keywords, # lines, avg memory per core (Kb), type (1=single,2=multiple)
2909432, 3, 16, 1124.572859 ,50000, 1000000, 2001468 ,1
2909432, 3, 16, 913.594493 , 50000,  800000, 1605732 ,1
2909432, 3, 16, 679.763438 , 50000,  600000, 1209936 ,1
2909432, 3, 16, 467.891264 , 50000,  400000, 816188  ,1
2909432, 3, 16, 242.575256 , 50000,  200000, 419908  ,1
2909433, 3, 8, 1934.935906 , 50000, 1000000, 2046588 ,1
2909433, 3, 8, 1541.648623 , 50000,  800000, 1654316 ,1
2909433, 3, 8, 1259.689342 , 50000,  600000, 1256176 ,1
2909433, 3, 8, 842.286629  , 50000,  400000, 860872  ,1
2909433, 3, 8, 426.571772  , 50000,  200000, 465996  ,1
2909434, 3, 4, 4967.756617 , 50000, 1000000, 2050012 ,1
2909434, 3, 4, 3461.328097 , 50000,  800000, 1653080 ,1
2909434, 3, 4, 2528.309949 , 50000,  600000, 1255620 ,1
2909434, 3, 4, 2384.653468 , 50000,  400000, 865724  ,1
2909434, 3, 4, 1042.833946 , 50000,  200000, 468224  ,1
2909435, 3, 2, 12987.72312 , 50000, 1000000, 2061096 ,1
2909435, 3, 2, 10437.66501 , 50000,  800000, 1653852 ,1
2909435, 3, 2, 7385.043661 , 50000,  600000, 1264328 ,1
2909435, 3, 2, 4917.208881 , 50000,  400000, 869064  ,1
2909435, 3, 2, 2598.578259 , 50000,  200000, 471620  ,1
2909436, 3, 2, 11722.45121 , 50000, 1000000, 2083008 ,2
2909436, 3, 2, 9526.758912 , 50000,  800000, 1695720 ,2
2909436, 3, 2, 6966.631574 , 50000,  600000, 1292788 ,2
2909436, 3, 2, 4590.539880 , 50000,  400000, 897652  ,2
2909436, 3, 2, 2401.375437 , 50000,  200000, 502704  ,2
2909437, 3, 4, 4287.915454 , 50000, 1000000,2086684  ,2
2909437, 3, 4, 3614.510009 , 50000,  800000,1689624  ,2
2909437, 3, 4, 2516.429295 , 50000,  600000,1294520  ,2
2909437, 3, 4, 1822.155961 , 50000,  400000, 898752  ,2
2909437, 3, 4, 960.061929  , 50000,  200000, 500424  ,2
2909439, 3, 8, 1923.207147 , 50000, 1000000, 2087212 ,2
2909439, 3, 8, 1476.733693 , 50000,  800000, 1691852 ,2
2909439, 3, 8, 1165.177388 , 50000,  600000, 1298916 ,2
2909439, 3, 8, 775.389553 ,  50000,  400000, 901096  ,2
2909439, 3, 8, 422.318817 ,  50000,  200000, 507804  ,2
2909440, 3, 16, 943.997169 , 50000, 1000000, 2088448 ,2
2909440, 3, 16, 791.268749 , 50000,  800000, 1693020 ,2
2909440, 3, 16, 596.613025 , 50000,  600000, 1296328 ,2
2909440, 3, 16, 408.294636 , 50000,  400000, 902264  ,2
2909440, 3, 16, 246.191743 , 50000,  200000, 511128  ,2


