case #, version, # cores, total time  , # keywords, # lines, avg memory per core (Kb), type (1=single,2=multiple)
2912794, 2, 2, 16155.075883 , 50000, 1000000, 2157756, 1
2912794, 2, 2, 12631.967893 , 50000,  800000, 1773540, 1
2912794, 2, 2,  9107.188682 , 50000,  600000, 1365764, 1
2912794, 2, 2,  5817.936680 , 50000,  400000, 971664,  1
2912794, 2, 2,  3115.244210 , 50000,  200000, 575264,  1
2912795, 2, 4, 13489.518575 , 50000, 1000000, 2164976, 1
2912795, 2, 4, 10591.984261 , 50000,  800000, 1770072, 1
2912795, 2, 4,  7750.747610 , 50000,  600000, 1376400, 1
2912795, 2, 4,  5106.771935 , 50000,  400000, 972288, 1
2912795, 2, 4,  2620.671686 , 50000,  200000, 582200,  1
2912796, 2, 8,  8722.852936 , 50000, 1000000, 2163684, 1
2912796, 2, 8,  7845.609844 , 50000,  800000, 1767016, 1
2912796, 2, 8,  5495.987470 , 50000,  600000, 1371420, 1
2912796, 2, 8,  3972.464206 , 50000,  400000, 977740,  1
2912796, 2, 8,  2031.992159 , 50000,  200000, 577324,  1
2912797, 2, 16, 8116.671470 , 50000, 1000000, 2112504, 1
2912797, 2, 16, 6692.586312 , 50000,  800000, 1717200, 1
2912797, 2, 16, 5166.555385 , 50000,  600000, 1314064, 1
2912797, 2, 16, 3483.159513 , 50000,  400000, 925096,  1
2912797, 2, 16, 1816.692167 , 50000,  200000, 528616,  1
2912798, 2, 16, 7818.553213 , 50000, 1000000, 2203380, 2
2912798, 2, 16, 6075.891278 , 50000,  800000, 1806804, 2
2912798, 2, 16, 4998.749050 , 50000,  600000, 1410528, 2
2912798, 2, 16, 3385.097478 , 50000,  400000, 1014292, 2
2912798, 2, 16, 1966.759735 , 50000,  200000, 616100,  2
2912799, 2, 8,  6815.696427 , 50000, 1000000, 2326900, 2
2912799, 2, 8,  5514.691314 , 50000,  800000, 1805196, 2
2912799, 2, 8,  4464.516615 , 50000,  600000, 1535180, 2
2912799, 2, 8,  3094.764543 , 50000,  400000, 1140080, 2
2912799, 2, 8,  1586.740050 , 50000,  200000,  615932, 2
2912800, 2, 4, 10853.592134 , 50000, 1000000, 2326900, 2
2912800, 2, 4,  8491.874901 , 50000,  800000, 1931208, 2
2912800, 2, 4,  6488.352421 , 50000,  600000, 1413312, 2
2912800, 2, 4,  4341.001119 , 50000,  400000, 1140032, 2
2912800, 2, 4,  2317.090275 , 50000,  200000, 619424,  2
2912801, 2, 2, 18244.284277 , 50000, 1000000, 2169404, 2
2912801, 2, 2, 16161.990676 , 50000,  800000, 1773476, 2
2912801, 2, 2, 10925.817733 , 50000,  600000, 1367296, 2
2912801, 2, 2,  7662.981849 , 50000,  400000, 971568,  2
