case #, version, # cores, total time  , # keywords, # lines, avg memory per core (Kb), type (1=single,2=multiple)
2912769, 1, 16, 1732.291514  ,  50000,  1000000, 2123468, 1
2912769, 1, 16, 1289.676383  ,  50000,  800000 , 1727704, 1
2912769, 1, 16, 1010.115863  ,  50000,  600000 , 1331476, 1
2912769, 1, 16,  728.370897  ,  50000,  400000 , 934760,  1
2912769, 1, 16,  411.609123  ,  50000,  200000 , 538220,  1
2912770, 1, 8,  2777.078819  ,  50000,  1000000, 2125476, 1
2912770, 1, 8,  2243.278008  ,  50000,  800000 , 1730460, 1
2912770, 1, 8,  1428.293095  ,  50000,  600000 , 1333036, 1
2912770, 1, 8,  950.936950   ,  50000,  400000 , 937176,  1
2912770, 1, 8,  487.411276   ,  50000,  200000 , 542012,  1
2912771, 1, 4,  5278.444126  ,  50000,  1000000, 2128036, 1
2912771, 1, 4,  4772.805747  ,  50000,  800000 , 1732364, 1
2912771, 1, 4,  3714.497980  ,  50000,  600000 , 1336104, 1
2912771, 1, 4,  2037.356848  ,  50000,  400000 , 939028,  1
2912771, 1, 4,  1404.798506  ,  50000,  200000 , 543072,  1
2912772, 1, 2,  11676.493104 ,  50000,  1000000, 2132356, 1
2912772, 1, 2,  9829.213322  ,  50000,  800000 , 1734644, 1
2912772, 1, 2,  6758.656889  ,  50000,  600000 , 1338296, 1
2912772, 1, 2,  4605.511929  ,  50000,  400000 , 941656,  1
2912772, 1, 2,  2375.688627  ,  50000,  200000 , 549036,  1
2912773, 1, 2,  13379.658539 ,  50000,  1000000, 2244808, 2
2912773, 1, 2,  10125.692659 ,  50000,  800000 , 1849124, 2
2912773, 1, 2,  7359.691498  ,  50000,  600000 , 1467592, 2
2912773, 1, 2,  5098.717752  ,  50000,  400000 , 1070012, 2
2912773, 1, 2,  2619.296108  ,  50000,  200000 , 674028,  2
2912774, 1, 4,  5001.185959  ,  50000,  1000000, 2165268, 2
2912774, 1, 4,  4295.770355  ,  50000,  800000 , 1768984, 2
2912774, 1, 4,  2868.642552  ,  50000,  600000 , 1372456, 2
2912774, 1, 4,  2036.171310  ,  50000,  400000 , 976452,  2
2912774, 1, 4,  1046.174790  ,  50000,  200000 , 579000,  2
2912775, 1, 8,  2490.958636  ,  50000,  1000000, 2124008, 2
2912775, 1, 8,  1938.499013  ,  50000,  800000 , 1729648, 2
2912775, 1, 8,  1504.020506  ,  50000,  600000 , 1332824, 2
2912775, 1, 8,  1022.322570  ,  50000,  400000 , 936444,  2
2912775, 1, 8,  536.104752   ,  50000,  200000 , 540552,  2
2912776, 1, 16, 1591.093558  ,  50000,  1000000, 2159300, 2
2912776, 1, 16, 1227.441868  ,  50000,  800000 , 1849396, 2
2912776, 1, 16, 1022.931107  ,  50000,  600000 , 1455396, 2
2912776, 1, 16, 653.990246   ,  50000,  400000 , 1056612, 2
2912776, 1, 16, 379.379337   ,  50000,  200000 , 663748,  2
